chr	pos	stat	pvals	fdrs
LOC100049422	1	-6.10245560593621	1.0445112709542e-09	2.88795760738048e-06
LOC100049429	1	3.05897539475662	0.00222095390307757	0.0944721656823629
LOC100301611	1	3.99942461016917	6.34966701262416e-05	0.0122232040227116
LOC100304457	1	3.03996812831735	0.00236603185382329	0.0974599203767851
LOC100422797	1	-3.42519588419358	0.000614356301048914	0.0483786145420923
LOC101154795	1	4.13664930545484	3.52414081017718e-05	0.0085140504777135
LOC101154838	1	-3.65714988677753	0.000255035261378161	0.028331685018456
LOC101154896	1	-3.59230644525149	0.000327764087880691	0.0323986962828287
LOC101154912	1	-3.25413900157512	0.00113736613216895	0.0672952308581314
LOC101154972	1	3.82029572823872	0.000133291759439951	0.0196429263899364
LOC101155032	1	-3.11153978922611	0.00186114390839591	0.087053956797977
LOC101155164	1	4.10764807842391	3.99708513927775e-05	0.00852899930864129
LOC101155208	1	3.4018172007888	0.000669393960863004	0.0504822894103986
LOC101155285	1	3.04489117912303	0.00232764513307671	0.0965352024858013
LOC101155521	1	-3.84812315880698	0.000119026214889994	0.0182686461780624
LOC101155633	1	4.26300326027311	2.016975745119e-05	0.00635321828373938
LOC101155734	1	-3.0589898775154	0.0022208465379498	0.0944721656823629
LOC101155895	1	-3.05025300969825	0.00228648659218406	0.0959693838578284
LOC101155899	1	3.2824829744266	0.00102897199128612	0.0632220716818859
LOC101155917	1	3.3749744196194	0.000738225524174444	0.0526361144514523
LOC101155921	1	-3.11895278887046	0.00181495039874903	0.0860251918523255
LOC101156069	1	-3.24523245556407	0.00117354782876038	0.0680712451535509
LOC101156117	1	3.34048907855554	0.000836309699476299	0.0560936133740383
LOC101156401	1	-3.56877171777799	0.00035865875967493	0.0343264022144267
LOC101156594	1	3.09333010869363	0.00197923840618183	0.0898079643788516
LOC101156727	1	3.05220808024834	0.00227164568138715	0.0958095442976915
LOC101156819	1	3.0555311621481	0.00224662255228875	0.0949150349595131
LOC101156845	1	-3.88985782218652	0.000100302970688163	0.0160605162522777
LOC101156861	1	-3.58955465355389	0.000331243379794097	0.0324514183574658
LOC101156891	1	-3.50404286601747	0.00045825158730478	0.0408714426469252
LOC101156930	1	-5.67041666911356	1.42450644176899e-08	2.36316121979863e-05
LOC101156965	1	-3.77476020189138	0.00016016165562113	0.0217784843632579
LOC101156966	1	5.02950594106586	4.91745265530621e-07	0.000582694723212571
LOC101157197	1	3.41379864617538	0.000640639031147399	0.0492961068458321
LOC101157485	1	-3.96250801734033	7.4166515730222e-05	0.0133736201263105
LOC101157561	1	-3.38410514539261	0.000714106504174556	0.0518070736148094
LOC101157644	1	4.62952959558557	3.66497344750033e-06	0.00225569975005162
LOC101157941	1	-3.67421956059305	0.000238577517876699	0.027829792885827
LOC101158071	1	-4.53575761667696	5.73970688007242e-06	0.00288286680944329
LOC101158092	1	-3.60470423828069	0.000312508610973971	0.0316190904792954
LOC101158216	1	4.43130906386479	9.36627280256385e-06	0.00408364307042916
LOC101158219	1	3.88160828809394	0.000103767926716203	0.0161385068025375
LOC101158306	1	-3.11587003541874	0.00183403083629056	0.0865835225267725
LOC101158360	1	3.03392282398153	0.00241396174597791	0.0981325926137691
LOC101158444	1	3.72217580545417	0.000197513420073566	0.0249488525132518
LOC101158604	1	3.46335203402758	0.000533489921508831	0.0445448618370182
LOC101158659	1	-3.47713837515285	0.000506796188686226	0.0432971351855171
LOC101158679	1	-3.04773911083845	0.00230570007959513	0.0962853495941553
LOC101158839	1	-4.72500073462923	2.30114524430733e-06	0.00170145500691286
LOC101158848	1	-3.33800459047966	0.000843823553041797	0.0562941160694157
LOC101158865	1	3.6848098041365	0.000228873485307672	0.0276470281960977
LOC101158892	1	3.47554948152895	0.000509807933184236	0.0432971351855171
LOC101159004	1	-3.0726041929027	0.00212199739286632	0.0928010248226457
LOC101159040	1	3.41347244564586	0.000641406442112904	0.0492961068458321
LOC101159056	1	-3.12325797133559	0.00178860902626005	0.0852638831598756
LOC101159150	1	-3.36822480942081	0.000756538802364291	0.0529373387899485
LOC101159189	1	-3.51837298671007	0.000434201612046181	0.0397230621844013
LOC101159356	1	-3.34218328956867	0.000831221527895975	0.0560936133740383
LOC101159406	1	-3.41717091602694	0.000632755413433759	0.0492961068458321
LOC101159455	1	-3.14777372729075	0.00164518990482465	0.0817634490022461
LOC101159459	1	3.04717749593446	0.002310012606804	0.0962853495941553
LOC101159619	1	-3.42868179416658	0.000606520182851577	0.0479131689843766
LOC101159636	1	4.72292502380753	2.32476572235321e-06	0.00170145500691286
LOC101159664	1	-3.57385379972053	0.000351765389027206	0.0338926132639291
LOC101159692	1	3.37978253250207	0.000725432040667192	0.0520220487030617
LOC101159985	1	3.03552689176142	0.0024011580984899	0.0978848564896925
LOC101160040	1	3.16628180331765	0.00154401133979254	0.0795294221244207
LOC101160141	1	-3.04911116216348	0.00229519537085682	0.0961509117986551
LOC101160162	1	3.66450814038097	0.000247814358529874	0.0280459789786121
LOC101160175	1	-3.11682801932899	0.00182808182918298	0.0864828673714624
LOC101160258	1	-3.33848982109844	0.000842351164671603	0.0562941160694157
LOC101160259	1	-3.06155738201396	0.00220188783102287	0.0944276498158297
LOC101160356	1	-3.88505118271883	0.000102308332384889	0.0160605162522777
LOC101160396	1	3.61273425169387	0.000302985180462359	0.0311548893827494
LOC101160495	1	-4.08321735929383	4.44164426572995e-05	0.00913436990978712
LOC101160510	1	-4.079634523732	4.51065611182938e-05	0.00920025956448871
LOC101160669	1	4.56680647141239	4.95210816133052e-06	0.00256725540596977
LOC101160743	1	4.33637234414938	1.44853488472411e-05	0.00546141546537496
LOC101160807	1	3.06777514178692	0.00215658826405637	0.0932221513005729
LOC101161079	1	5.78951910588822	7.05882276871736e-09	1.25465532697688e-05
LOC101161080	1	-4.39269285909646	1.11955239641131e-05	0.00464315697204985
LOC101161108	1	-3.29472119262655	0.000985193744796341	0.0611360627070128
LOC101161140	1	-3.66897404674976	0.00024352579715651	0.0280459789786121
LOC101161319	1	-3.38541264323547	0.000710713269824878	0.0518070736148094
LOC101161482	1	-4.16848098945691	3.06636330316504e-05	0.00778744432191376
LOC101161483	1	-4.65067598208914	3.30848786811146e-06	0.00212548757149004
LOC101161547	1	-4.12783782201568	3.66190224956772e-05	0.00852899930864129
LOC101161581	1	3.15897746626044	0.00158323731359555	0.0802439710894425
LOC101161707	1	-3.29610012832364	0.000980370673302315	0.0610068980610501
LOC101161740	1	-6.0374002911559	1.56616875017426e-09	3.89725431793363e-06
LOC101161788	1	-4.52348675960378	6.08291264879264e-06	0.00296798428142267
LOC101161793	1	-4.10898617971343	3.97399854438426e-05	0.00852899930864129
LOC101161818	1	-4.59376828440359	4.35312735401721e-06	0.00240718269060809
LOC101161890	1	3.59283113558423	0.000327104577935374	0.0323986962828287
LOC101161932	1	3.64158803719242	0.000270961431634351	0.0295317533877248
LOC101161947	1	3.41399313406224	0.000640181890433382	0.0492961068458321
LOC101161968	1	3.74968769711593	0.000177054932706959	0.0234352922631913
LOC101162042	1	-3.38476452322545	0.000712393401808682	0.0518070736148094
LOC101162115	1	3.53748182747318	0.000403961983538244	0.0377901879637807
LOC101162790	1	3.16152686204541	0.00156944342175878	0.0799892648285762
LOC101162852	1	3.23527562434476	0.00121525357478275	0.0689480235262104
LOC101162901	1	-4.45659201562949	8.32728668838995e-06	0.00370028932060528
LOC101163140	1	3.08392279673919	0.00204290601816111	0.0911207329210734
LOC101163303	1	3.34937911132494	0.000809928907646279	0.0553688762029396
LOC101163320	1	3.1711109193746	0.00151857146451971	0.078889629067032
LOC101163376	1	-3.94456664195623	7.99444195333971e-05	0.013625595449788
LOC101163516	1	-3.21920955520078	0.00128544508429255	0.0715767858913091
LOC101163614	1	-3.79497661731124	0.00014765737155817	0.0206500816538923
LOC101163895	1	-5.14302690321999	2.70346890407176e-07	0.000374690100207403
LOC101163897	1	3.39119715252784	0.000695880231225053	0.0514531359782693
LOC101163908	1	-4.24208519280616	2.21452592360652e-05	0.00659059139837825
LOC101164121	1	3.38007493640322	0.0007246606916841	0.0520220487030617
LOC101164241	1	-3.80454910693007	0.000142062727909886	0.0204296247779819
LOC101164279	1	-3.71243661058991	0.000205273482006239	0.0254130613245933
LOC101164311	1	-4.12944483169067	3.63640243084417e-05	0.00852899930864129
LOC101164413	1	3.41036319710846	0.000648764217809553	0.0495210085766041
LOC101164537	1	-4.01650382147989	5.90679065723055e-05	0.0115735888751594
LOC101164563	1	11.4294746076178	2.97905826836494e-30	7.41308859499931e-26
LOC101164577	1	-3.18847645259653	0.00143024658288887	0.0755631761541545
LOC101164585	1	-3.67906590828159	0.000234089771543582	0.0277882174065917
LOC101164650	1	-3.34144587933822	0.000833432629553027	0.0560936133740383
LOC101164666	1	3.11465629766473	0.00184159360090771	0.0865835225267725
LOC101164723	1	3.20018403595094	0.00137339861829851	0.0737958803012381
LOC101164755	1	4.86816662030514	1.12638343837774e-06	0.00116787189502465
LOC101164834	1	3.04343578634667	0.00233893352365022	0.096841966393531
LOC101164923	1	3.09359440323996	0.00197747628465735	0.0898079643788516
LOC101164928	1	-3.38226021470617	0.000718920101036386	0.0520046738203181
LOC101164986	1	3.41584600074126	0.000635841945666379	0.0492961068458321
LOC101165061	1	-3.30055540627976	0.000964936586108501	0.0606350555775857
LOC101165238	1	3.62032667979588	0.000294231291254889	0.0307480454668289
LOC101165388	1	-4.77288650504178	1.816041411246e-06	0.00150634581591485
LOC101165416	1	-3.47588550671478	0.000509169610427346	0.0432971351855171
LOC101165590	1	4.19892129361942	2.68189510328414e-05	0.00695169559897109
LOC101165718	1	-3.71896059746247	0.000200044250895514	0.0251409148448686
LOC101165768	1	-3.29923075667925	0.000969501800361486	0.060768470529459
LOC101165774	1	3.32801197880591	0.00087468105384593	0.0570027419679771
LOC101165930	1	-3.38720833060581	0.000706077492648866	0.0516765656678658
LOC101166035	1	-3.9324178313328	8.40957293053274e-05	0.0140445511948575
LOC101166169	1	-3.74163509393793	0.00018282685340284	0.023803849345015
LOC101166191	1	3.39072165754399	0.000697088589010506	0.0514531359782693
LOC101166414	1	-3.56584227713708	0.000362689459477897	0.034447192784916
LOC101166501	1	3.24718308111017	0.0011655338840356	0.0680712451535509
LOC101166995	1	3.46184649401579	0.000536483051855105	0.0445448618370182
LOC101167322	1	-3.46017198110653	0.000539830489129296	0.0445988076851723
LOC101167390	1	3.66436278309477	0.000247955126800139	0.0280459789786121
LOC101167492	1	-3.10867212788738	0.00187930141739886	0.087165004005239
LOC101167637	1	-5.03321177673301	4.82329778222343e-07	0.000582694723212571
LOC101167801	1	3.09706198494771	0.00195449000853017	0.0895681940557361
LOC101167816	1	-3.67341156245217	0.000239333534703704	0.027829792885827
LOC101167893	1	3.2290204809737	0.00124214998624261	0.0700899325570546
LOC101168001	1	-4.33284129216547	1.47197223835935e-05	0.00546694883273644
LOC101168117	1	-3.09559184248118	0.00196420532670786	0.0898079643788516
LOC101168137	1	3.63727644760651	0.000275536156404526	0.0298106161563923
LOC101168223	1	-4.36843670303523	1.2513907416232e-05	0.00502251729266962
LOC101168224	1	-3.81261310353166	0.000137505270917348	0.0200098313538438
LOC101168667	1	3.67003257007651	0.000242519565729483	0.0280459789786121
LOC101168885	1	3.08673681800092	0.00202366679166606	0.0907477238372865
LOC101168980	1	-3.68609654943665	0.00022771998825641	0.0276418740866952
LOC101169169	1	-3.18965177711163	0.00142444318387744	0.0754483222602675
LOC101169209	1	-4.31204352342961	1.61752582553193e-05	0.00591704557876595
LOC101169223	1	-3.14335640747781	0.0016702233940212	0.0824558477502569
LOC101169258	1	-3.42184530951369	0.000621976893985095	0.0488242051417196
LOC101169298	1	-4.20234641937018	2.64162464974867e-05	0.00695169559897109
LOC101169687	1	-3.2014021445015	0.00136760518212793	0.0737958803012381
LOC101169713	1	-3.43762458150647	0.000586840696581306	0.046654772823416
LOC101169903	1	-3.03299805109844	0.00242137163899913	0.0981325926137691
LOC101169965	1	-4.22304061552719	2.41028363892752e-05	0.00677843319538621
LOC101170049	1	-3.82008594196419	0.000133405182442503	0.0196429263899364
LOC101170085	1	3.16270045536398	0.00156313078599051	0.0799892648285762
LOC101170103	1	3.66064350662246	0.00025158259736404	0.0281400944916704
LOC101170113	1	-3.56767184757966	0.000360167165493481	0.0343386963453632
LOC101170163	1	-3.09239013635835	0.00198551713497312	0.0898320152484928
LOC101170257	1	-3.63369148837597	0.000279394915791009	0.030003353387533
LOC101170409	1	4.27303275578789	1.92832116356331e-05	0.0063272016166951
LOC101170425	1	-3.31460009618583	0.000917743154976591	0.0591635250477655
LOC101170475	1	-3.28110674630683	0.00103400602933516	0.0633748917093007
LOC101170520	1	3.23644449103252	0.00121028762812546	0.0689480235262104
LOC101170597	1	-3.30388862390096	0.000953537063442519	0.0600704209789966
LOC101170619	1	-3.16574429723158	0.00154686707555938	0.0795294221244207
LOC101170718	1	-3.45913039538015	0.000541922478653967	0.0445988076851723
LOC101170723	1	-6.53263770497252	6.46213337049122e-11	2.68006211318839e-07
LOC101170778	1	-3.04527444954371	0.00232468070291952	0.0965352024858013
LOC101170925	1	3.95455269889922	7.66779700692058e-05	0.0134156516236602
LOC101170979	1	-3.26183630739873	0.00110693043229081	0.0662135982623183
LOC101171144	1	-4.26724232365538	1.97904154385561e-05	0.0063272016166951
LOC101171210	1	-3.3341599809417	0.00085557433400689	0.0566226375729453
LOC101171239	1	-3.23501315693772	0.00121637125574692	0.0689480235262104
LOC101171279	1	-4.12111124824714	3.77049287894877e-05	0.00852899930864129
LOC101171305	1	3.03908177140087	0.00237300434563675	0.0974599203767851
LOC101171477	1	-3.41244177589325	0.000643836791709349	0.0492961068458321
LOC101171777	1	3.45277994218111	0.000554841431309578	0.0452677841859264
LOC101171944	1	3.48669960546348	0.000489020303365403	0.0428478212286785
LOC101172017	1	3.20908600134065	0.00133157656402215	0.0725053637180024
LOC101172258	1	3.40619623470106	0.00065874811612723	0.0501293214731193
LOC101172275	1	-3.1369151051766	0.00170735556366435	0.0830986685818019
LOC101172291	1	-3.72770745731388	0.000193229486088536	0.0246580642657802
LOC101172397	1	4.1069439142775	4.00928531618086e-05	0.00852899930864129
LOC101172423	1	-3.17380825508234	0.00150453046946596	0.0786528071474598
LOC101172442	1	-3.52469628563226	0.000423968580476934	0.0392194578311823
LOC101172481	1	-8.6622164370017	4.62678818191319e-18	2.87832492796819e-14
LOC101172493	1	-3.20138268949029	0.0013676975345474	0.0737958803012381
LOC101172571	1	3.18660438159414	0.0014395353293979	0.0755725677990238
LOC101172588	1	4.85215450508039	1.22127417967077e-06	0.00116885333411259
LOC101172629	1	3.49406464948095	0.000475725801853622	0.0418302503651079
LOC101172644	1	-3.99627064521199	6.43481645625793e-05	0.0122232040227116
LOC101172662	1	3.0737179867033	0.0021140917495598	0.0926180617888137
LOC101172913	1	3.28752368366614	0.00101072687121946	0.0622547709490719
LOC101172961	1	3.23510536148103	0.00121597850737556	0.0689480235262104
LOC101172993	1	-3.0421694277542	0.00234879648198386	0.0969277805268432
LOC101173307	1	-3.08386605884202	0.00204329565061722	0.0911207329210734
LOC101173357	1	-3.22539980980878	0.00125796857608928	0.0706620542830825
LOC101173374	1	3.36342817426478	0.000769808651830764	0.0533025619041538
LOC101173412	1	3.13361967676518	0.00172664491681569	0.0833572612857436
LOC101173419	1	-3.1349231847344	0.00171899117298083	0.0832205765534142
LOC101173565	1	-3.3278906126976	0.000875062185812861	0.0570027419679771
LOC101173664	1	-3.09115282776962	0.0019938098510747	0.0900434924394605
LOC101173983	1	-3.07121402061496	0.00213190278741926	0.0930706473020016
LOC101174020	1	3.19956033266394	0.00137637376263069	0.0737958803012381
LOC101174149	1	-3.99768922407099	6.39638537130818e-05	0.0122232040227116
LOC101174598	1	3.79523368951491	0.000147504452401478	0.0206500816538923
LOC101174673	1	3.08668922612421	0.00202399078643683	0.0907477238372865
LOC101174767	1	-3.21913957348325	0.00128575885281366	0.0715767858913091
LOC101174880	1	-3.95369437990559	7.6953692234437e-05	0.0134156516236602
LOC101175018	1	3.92027289870393	8.84487524335249e-05	0.014575885798383
LOC101175168	1	-4.64926391162519	3.33121746054137e-06	0.00212548757149004
LOC101175393	1	3.47714888735994	0.000506776318167306	0.0432971351855171
LOC101175559	1	-3.13759719223604	0.00170338789751433	0.0830986685818019
LOC101175655	1	-3.03074763615228	0.00243949050661035	0.0984202706640603
LOC101175687	1	-3.63246592729382	0.000280725652900702	0.030003353387533
LOC105353573	1	-3.20071559443075	0.00137086769932866	0.0737958803012381
LOC105353964	1	-3.31003410277401	0.000932846049409812	0.0596733704203439
LOC105354142	1	-3.78271116109773	0.000155129392516147	0.0213272917313359
LOC105354252	1	3.36825607618419	0.000756453004188323	0.0529373387899485
LOC105354294	1	-3.23418830040877	0.00121988997630447	0.0689903231144557
LOC105354428	1	-3.45279930513358	0.000554801608199143	0.0452677841859264
LOC105354562	1	3.05683165283659	0.00223689868156068	0.0947504642068211
LOC105354567	1	3.32388812278188	0.000887718006535719	0.0575259762360282
LOC105354577	1	-4.09274468072256	4.26297029818736e-05	0.00883997940834119
LOC105354691	1	-3.03586739162087	0.0023984482442923	0.0978848564896925
LOC105354919	1	-4.11347912486337	3.89740299682119e-05	0.00852899930864129
LOC105354939	1	-4.61197871883694	3.98853837816554e-06	0.00225569975005162
LOC105355068	1	4.6150560004402	3.9298933613891e-06	0.00225569975005162
LOC105355224	1	-4.22926168538406	2.34459497142493e-05	0.00670608060562504
LOC105355439	1	-3.61166072389424	0.00030424243372825	0.0311554268349538
LOC105355444	1	4.24622707791139	2.17400304793443e-05	0.00659059139837825
LOC105355700	1	-3.21517609499654	0.00130364523813088	0.0718206353103506
LOC105355721	1	-3.14783426128906	0.00164484926213491	0.0817634490022461
LOC105355754	1	4.56993111691573	4.87884547635254e-06	0.00256725540596977
LOC105355944	1	3.19524059855934	0.00139714314870756	0.0744464884634666
LOC105355957	1	-4.11815098674883	3.81924444301244e-05	0.00852899930864129
LOC105355972	1	-3.03064306719014	0.00244033543641397	0.0984202706640603
LOC105356194	1	-3.34131425562454	0.000833827872548356	0.0560936133740383
LOC105356237	1	4.342020197525	1.41178551007701e-05	0.00546141546537496
LOC105356317	1	-3.52709905805318	0.000420139545810031	0.0390102703654359
LOC105356325	1	-3.07940941682397	0.00207411432926713	0.0918678704002686
LOC105356560	1	-3.59537670356722	0.000323922515812895	0.0323986962828287
LOC105356657	1	-3.23646044499406	0.00121021997735061	0.0689480235262104
LOC105356862	1	-3.98211101201489	6.83058602558239e-05	0.0125333131013609
LOC105357036	1	-11.135556797345	8.4217061646024e-29	1.04782868099983e-24
LOC105357050	1	-3.20997469632089	0.00132746657443202	0.0725053637180024
LOC105357453	1	3.05994791905893	0.00221375483757366	0.0944721656823629
LOC105357487	1	-3.59340253403742	0.000326387770971517	0.0323986962828287
LOC105357636	1	-3.71338490074912	0.00020450549578172	0.0254130613245933
LOC105357755	1	-3.16898073802001	0.00152974532850284	0.0793045474051349
LOC105357936	1	-4.53382103882877	5.79261133548322e-06	0.00288286680944329
LOC105357941	1	3.96466037852418	7.35005170677216e-05	0.0133502691000962
LOC105358128	1	-3.6519847193014	0.000260221372438801	0.0287793272522983
LOC105358148	1	-4.09856538218158	4.15718811625579e-05	0.00870302045654281
LOC105358153	1	-4.7337428228257	2.20416981714028e-06	0.00170145500691286
LOC105358580	1	3.66281379980475	0.00024945987316753	0.0280885044520399
LOC105358650	1	3.66003606023593	0.000252179756937892	0.0281400944916704
LOC105358761	1	-3.30762395742958	0.000940910605056252	0.0598813797857283
LOC105358786	1	-3.70953273646066	0.000207642109195168	0.0255790408178839
LOC110013400	1	4.00032789843966	6.3254775754545e-05	0.0122232040227116
LOC110013436	1	-3.31215345091222	0.000925807491189888	0.0595291824567679
LOC110013573	1	3.38007493640322	0.0007246606916841	0.0520220487030617
LOC110013763	1	4.16844044966477	3.06690863023448e-05	0.00778744432191376
LOC110015152	1	-3.37182365772274	0.000746722429163946	0.0529373387899485
LOC110015168	1	-3.03698935713703	0.00238953892541805	0.0977981687830637
LOC110015172	1	-3.59845538387525	0.000320112752129497	0.0322497397732405
LOC110015233	1	-3.03902631229032	0.00237344123727422	0.0974599203767851
LOC110015238	1	-3.67476256652031	0.000238070704913073	0.027829792885827
LOC110015247	1	3.19956033266394	0.00137637376263069	0.0737958803012381
LOC110015304	1	3.52248532196834	0.000427520714807496	0.0394015758047027
LOC110015326	1	-4.23422267115281	2.29343614773818e-05	0.00663603082561825
LOC110015371	1	-4.42087916749756	9.83001335361769e-06	0.00414593308968513
LOC110015388	1	3.04722355499552	0.00230965865069662	0.0962853495941553
LOC110015455	1	4.73864754173696	2.15149349446645e-06	0.00170145500691286
LOC110015503	1	3.08052109821024	0.00206638714140412	0.0918213886191075
LOC110015783	1	3.23527562434476	0.00121525357478275	0.0689480235262104
LOC110015893	1	-3.84530826396496	0.000120400979472843	0.0182686461780624
LOC110015954	1	3.06529752233645	0.00217453560088847	0.0937801453942957
LOC110016151	1	-3.4479153548024	0.000564931050866571	0.0457906979471132
LOC110016198	1	3.21370488997762	0.00131034272749153	0.0718206353103506
LOC110016206	1	-4.2404157559492	2.23106159004021e-05	0.00659059139837825
LOC110016562	1	3.82878032645437	0.000128779889066536	0.0191889746079742
LOC110016668	1	-3.43038862936962	0.00060271733490529	0.0477643890502651
LOC110016709	1	-3.57524184217118	0.000349904297319184	0.033879449550547
LOC110016718	1	-3.07644451048954	0.00209485289974914	0.0922808390476568
LOC110016719	1	-3.0930097155289	0.00198137648464835	0.0898079643788516
LOC110016726	1	-3.24647909144644	0.00116842030255463	0.0680712451535509
LOC110017049	1	3.34247315709563	0.00083035386002811	0.0560936133740383
LOC110017058	1	-3.74769154498693	0.000178469538000728	0.023497544886826
LOC110017250	1	-3.24664204094249	0.00116775160859601	0.0680712451535509
LOC110017273	1	-3.14759824135654	0.00164617778291775	0.0817634490022461
LOC110017395	1	-3.16107437611242	0.00157188355976426	0.0799892648285762
LOC110017583	1	-3.13777104329551	0.00170237797177806	0.0830986685818019
LOC110017659	1	-6.38862214575784	1.67387093303004e-10	5.9503720425028e-07
LOC111946290	1	3.27647305503742	0.00105112341827453	0.0637955003423011
LOC111946331	1	-3.02569723544414	0.00248060557316865	0.0993476939430569
LOC111946351	1	4.37995835551778	1.18701991761805e-05	0.00484226289016517
LOC111946352	1	3.91229806771532	9.14219749331147e-05	0.0149667396331291
LOC111946455	1	-3.05048732705035	0.00228470322012672	0.0959693838578284
LOC111946474	1	-3.11533496221956	0.00183736133762762	0.0865835225267725
LOC111946492	1	-4.70581895816474	2.52848836160074e-06	0.00179768298257351
LOC111946686	1	-3.05983023277394	0.00221462486595644	0.0944721656823629
LOC111946750	1	3.36901245855778	0.000754380189339603	0.0529373387899485
LOC111946812	1	4.285381678212	1.8242572035635e-05	0.0063272016166951
LOC111946821	1	3.22566039114806	0.00125682392311162	0.0706620542830825
LOC111946825	1	-4.1375024648132	3.51106678784254e-05	0.0085140504777135
LOC111946879	1	-4.61206961236367	3.98679422478897e-06	0.00225569975005162
LOC111946884	1	3.92336011443806	8.73224761021306e-05	0.0144862166355028
LOC111946952	1	3.07738533611662	0.00208825161655517	0.0922808390476568
LOC111946958	1	-4.89131435322462	1.0016484158248e-06	0.00108369648606019
LOC111946970	1	-3.05727615985588	0.00223358392140705	0.0947504642068211
LOC111947065	1	-3.14345183715201	0.00166967889901442	0.0824558477502569
LOC111947106	1	3.03523818716651	0.0024034579374378	0.0978848564896925
LOC111947136	1	3.03760180455518	0.00238468838733373	0.0977604379413714
LOC111947158	1	-3.40278805633047	0.00066702001104208	0.0504822894103986
LOC111947252	1	-3.75894900646923	0.000170628606526929	0.0227054665498187
LOC111947270	1	-3.5096084051735	0.000448767082897965	0.0405449882726687
LOC111947395	1	4.27594688849385	1.9032659770797e-05	0.0063272016166951
LOC111947429	1	3.27269147257888	0.00106528691186498	0.0644978090385601
LOC111947472	1	7.93774400912038	2.05891722114851e-15	1.02468192262119e-11
LOC111947530	1	-3.84609997795248	0.000120012809082645	0.0182686461780624
LOC111947780	1	-3.09840890072892	0.00194562776891021	0.0893265708515896
LOC111947857	1	3.54206997772094	0.000397000140344019	0.0373216171404452
LOC111947865	1	3.98143984198752	6.84990589047214e-05	0.0125333131013609
LOC111947888	1	-3.39566208929591	0.000684628236549507	0.0508545941441729
LOC111947909	1	4.06779278756868	4.74605559728578e-05	0.00952426189377898
LOC111947991	1	3.74048463792341	0.000183665772152503	0.023803849345015
LOC111947997	1	3.31064828911111	0.000930801192635946	0.0596733704203439
LOC111948029	1	-3.90653896222364	9.36275521900154e-05	0.015227634043767
LOC111948031	1	-3.10760591335221	0.00188609388850695	0.087165004005239
LOC111948088	1	-4.83439364112142	1.33552084751319e-06	0.00123085558405623
LOC111948239	1	-3.0253643824984	0.00248333745622327	0.0993476939430569
LOC111948279	1	3.15505381381492	0.00160468504266155	0.0808117717946804
LOC111948356	1	3.13000008290692	0.00174806253790652	0.0838126940139997
LOC111948461	1	-3.83646620067671	0.000124817365023366	0.0188239715832815
LOC111948632	1	3.27647305503742	0.00105112341827453	0.0637955003423011
LOC111948636	1	4.15368288126571	3.27166505917612e-05	0.00806060528044936
LOC111948779	1	3.6131056927017	0.000302551304501023	0.0311548893827494
LOC111948859	1	-4.30889565225914	1.64071750898107e-05	0.00591704557876595
LOC111948939	1	6.0155822132221	1.79241304806458e-09	4.05476420800355e-06
LOC111948942	1	4.06788262347758	4.7442267025569e-05	0.00952426189377898
LOC111948962	1	3.13330213048057	0.00172851417872704	0.0833572612857436
LOC111949073	1	-3.43981194485316	0.000582118513051944	0.046654772823416
LOC111949256	1	3.48124290762271	0.000499092649903168	0.0432732456452628
LOC111949281	1	-3.45856692516867	0.000543057335179522	0.0445988076851723
adck1	1	-3.05656095793148	0.00223891950464599	0.0947504642068211
adgrg6	1	3.2458812925785	0.00117087651430957	0.0680712451535509
agl	1	-3.13779858386561	0.00170221803519957	0.0830986685818019
ankrd39	1	3.63202855261125	0.000281201998787062	0.030003353387533
arg2	1	3.80920480638931	0.000139414443098448	0.0201697035003592
arl13b	1	4.20751841579057	2.58190368330974e-05	0.00690839690919134
arl16	1	-3.23855049254802	0.00120138753440418	0.0689480235262104
arrdc2	1	3.61436517022365	0.000301084450739301	0.0311548893827494
asnsd1	1	4.29781847093777	1.72487331666386e-05	0.0061316782302662
aspm	1	3.46518094187552	0.000529874844007873	0.044402378003936
atg12	1	3.63006828673975	0.000283346248435551	0.030003353387533
atp10d	1	3.18728357840207	0.00143615891677134	0.0755658670579276
atrn	1	-3.30823152616772	0.000938871560902829	0.0598813797857283
bcl6	1	3.7368840858382	0.000186314760332675	0.0240220543840325
bod1l1	1	3.47234916219317	0.000515924844618826	0.0436675980731118
brox	1	-4.21763928759803	2.46873323228064e-05	0.00682577308356349
c13h19orf47	1	3.28778372521406	0.00100979380895742	0.0622547709490719
c13h3orf33	1	-3.06117139080282	0.00220472852206225	0.0944276498158297
c1h6orf120	1	-3.71259163349871	0.000205147749549444	0.0254130613245933
c5h20orf85	1	-3.1589588807562	0.00158333828182432	0.0802439710894425
cad	1	3.25755326440588	0.00112377166103001	0.0668993636676333
caprin2	1	3.93461167134724	8.33313176975439e-05	0.0140109223620654
catip	1	3.07016364835998	0.00213941510475304	0.0932221513005729
cavin2	1	-3.62627491917715	0.000287539224637496	0.0301904053412635
ccdc18	1	-3.51299464697818	0.000443086403545436	0.0402400075395059
ccny	1	-3.06212724450044	0.00219770007654985	0.0944276498158297
cd63	1	-3.11240348187307	0.00185570682835338	0.0869631049279574
cep95	1	-3.59112495099766	0.000329253726785188	0.0323986962828287
cfap126	1	4.19907755112594	2.68004528741321e-05	0.00695169559897109
cfap77	1	-3.36218713235242	0.00077327699917214	0.0533025619041538
cfap99	1	-4.62001567131563	3.83711060400839e-06	0.00225569975005162
chaf1a	1	3.64081925433	0.000271771882566669	0.0295317533877248
chchd1	1	-3.27949174035712	0.00103994254317157	0.0635821381923375
chrm4	1	-3.59100664431412	0.00032940323740378	0.0323986962828287
clic2	1	-3.32826906921173	0.000873874208445294	0.0570027419679771
cluap1	1	-3.2602251947572	0.00111323786801176	0.0664312016968938
col27a1	1	3.25317327051475	0.00114123884512665	0.0672952308581314
commd8	1	3.95681622387706	7.59553194439512e-05	0.0134156516236602
cops8	1	-4.09830039839642	4.16194918151661e-05	0.00870302045654281
cplx2	1	3.15453661927116	0.00160753203015459	0.0808117717946804
cpn1	1	-3.16166946362227	0.00156867513194148	0.0799892648285762
crat	1	-4.06581315287792	4.78652741117296e-05	0.00952863584797023
csrnp3	1	-3.80317558945264	0.000142853026497704	0.0204296247779819
ctu1	1	3.18953057315452	0.00142504064709555	0.0754483222602675
cytip	1	3.23678140278776	0.00120885973781111	0.0689480235262104
dazap2	1	-3.02598265560731	0.002478265183739	0.0993476939430569
dcx	1	-3.39605927292242	0.000683635537226262	0.0508545941441729
dennd4c	1	-3.02542325034897	0.00248285409938997	0.0993476939430569
dhtkd1	1	-3.67476256652031	0.000238070704913073	0.027829792885827
dirc2	1	-3.67860934392378	0.000234509148665177	0.0277882174065917
dlec1	1	3.54176903111857	0.000397453325117263	0.0373216171404452
dnai2	1	-4.5711667798507	4.8501606225488e-06	0.00256725540596977
dock4	1	3.21682177752008	0.00129619090413477	0.0718206353103506
dpcd	1	-3.10988597081875	0.00187159581492512	0.087165004005239
dph6	1	-3.98781682299182	6.66841188329298e-05	0.012488012857457
ebi3	1	-3.81461113208017	0.000136397545814645	0.0199653913532448
ebna1bp2	1	3.36395022991655	0.000768353979846056	0.0533025619041538
eif2b1	1	3.26358874507055	0.00110010724695998	0.0660657506256481
emd	1	-4.27788847924136	1.88674498199905e-05	0.0063272016166951
en1	1	3.34228071844554	0.000830929797758038	0.0560936133740383
endog	1	-3.88558358624955	0.000102084360569021	0.0160605162522777
enpep	1	-3.25050890183423	0.00115198661919962	0.0677684043313557
epg5	1	-3.50879265444372	0.000450145689957073	0.0405449882726687
esr1	1	-4.85464194761853	1.20604454867186e-06	0.00116885333411259
etaa1	1	-4.51140326256811	6.44001527106688e-06	0.00306935863525994
etv6	1	-3.93636305643693	8.2725791628381e-05	0.0140037319651744
exoc1	1	3.50203805572035	0.00046171366541986	0.0410331530368136
faah2	1	-4.23839374509642	2.2512468608831e-05	0.00659059139837825
fam173a	1	-3.64720452573759	0.000265108898421727	0.0291901319837445
fam181a	1	-3.1073013979911	0.00188803798259218	0.087165004005239
fam192a	1	3.62737300002363	0.000286319527608473	0.0301897251059713
fam19a2	1	3.16580009666197	0.00154657039061355	0.0795294221244207
fam206a	1	-3.03186749968384	0.00243045864594785	0.0983407039768559
fbxo15	1	-3.7222024279524	0.000197492590481463	0.0249488525132518
fbxo46	1	-3.36428438648276	0.000767424215663434	0.0533025619041538
fbxo5	1	-3.20918189615807	0.0013311325103145	0.0725053637180024
fgf19	1	-6.17635384917337	6.55988768953511e-10	2.04045306582989e-06
fgf20b	1	4.50822010747317	6.53737372081567e-06	0.00306935863525994
fhl1	1	-3.70473832829506	0.000211609066887416	0.0259393104454506
fkbp11	1	3.38931074103166	0.000700685586198233	0.0514531359782693
foxc1	1	3.30457038162508	0.000951220888976858	0.0600704209789966
foxd1	1	3.21831530342009	0.00128945985621924	0.0716225871923207
foxf2	1	3.83122816399014	0.000127505195160499	0.01911348961671
fst	1	3.61936957931121	0.000295321606918988	0.0307480454668289
gab2	1	-3.07930853244173	0.00207481687690689	0.0918678704002686
gbx1	1	3.30678270223116	0.000943740690966889	0.0599082738622961
ggact	1	4.20751841579057	2.58190368330974e-05	0.00690839690919134
gramd2a	1	-3.55030170954819	0.00038478988732318	0.0364072682743346
grem2	1	-3.21552524926345	0.00130206039953093	0.0718206353103506
hcrtr2	1	3.98759695763214	6.6745929514619e-05	0.012488012857457
hdgfl2	1	-3.4952548680628	0.000473609271450119	0.041791819541719
helq	1	3.95023185202911	7.80755251912326e-05	0.0134492577558593
hes3	1	3.77204955872632	0.000161912086056856	0.0217951031409968
hes6	1	3.24028399548139	0.00119410705106352	0.0689423662614031
hic1	1	3.40178510620918	0.000669472572955776	0.0504822894103986
hook3	1	-3.29817480320607	0.00097315531089382	0.060844212955482
hoxc8	1	3.12120137950056	0.00180114818640294	0.0855339150199442
hspa5	1	-3.28949160851822	0.00100368549347202	0.0621286313919348
hspbap1	1	-3.67860934392378	0.000234509148665177	0.0277882174065917
hspe1	1	3.35957342812803	0.000780629034469204	0.0535128729854867
htr1a	1	3.10902490219616	0.00187705897047107	0.087165004005239
id2	1	3.5855936060048	0.000336312342191346	0.0328188091101547
igf2bp3	1	4.2719067140747	1.93808655628144e-05	0.0063272016166951
ikbke	1	-3.78722333517021	0.000152340161909335	0.0211471771719517
inpp5e	1	3.18724087942877	0.00143637096601831	0.0755658670579276
irf5	1	3.52745110837434	0.000419581241957756	0.0390102703654359
isoc2	1	3.63006828673975	0.000283346248435551	0.030003353387533
itih6	1	3.06252901242635	0.00219475198937804	0.0944276498158297
kcnk5	1	-3.13578848834851	0.00171392765620791	0.0831371847896251
kif23	1	-3.08828006655017	0.00201318646106034	0.0905897502658688
kmt5a	1	-3.07494086615944	0.00210544293704833	0.092565091953199
lacc1	1	-3.36793234958848	0.000757341770182513	0.0529373387899485
lhfpl5	1	-3.24942051861749	0.00115640389158023	0.0678678170709493
lhx5	1	3.33510555265935	0.000852670270642432	0.0565809253724434
lipt2	1	-3.32126544592276	0.0008961026683133	0.057918490385216
lmbrd1	1	-3.50809216894574	0.000451332653573751	0.0405449882726687
lpin2	1	-4.12712061888602	3.67333744507788e-05	0.00852899930864129
lrrc2	1	-3.60464305946031	0.000312582231872154	0.0316190904792954
lsm4	1	4.12361512935926	3.72971902126265e-05	0.00852899930864129
lsm8	1	3.51915531867123	0.000432923175977311	0.0397230621844013
lzic	1	-3.15389547065275	0.00161106779859218	0.0808262320567899
mab21l2	1	5.8559147699763	4.74391474924972e-09	9.08058266310232e-06
man1c1	1	-3.10410479289675	0.00190855718370281	0.087796858316918
mapkapk5	1	-3.46513810163471	0.000529959261660866	0.044402378003936
mc1r	1	-3.36847044577825	0.000755865002383366	0.0529373387899485
mfrp	1	-5.14254986463311	2.71034472099873e-07	0.000374690100207403
mindy4	1	-3.1080931745545	0.00188298692878076	0.087165004005239
mir107	1	-3.4460141632155	0.000568920540777399	0.0459643465477429
mir125b-1	1	-3.36234487226973	0.000772835359121308	0.0533025619041538
mir301b	1	3.32516611273929	0.000883658697260258	0.0574124360904028
mirlet7a-3	1	-4.92250367041557	8.54439615377465e-07	0.000966448881320584
mirlet7b-2	1	-3.09432168917348	0.00197263470837085	0.0898079643788516
mixl1	1	4.81750534854943	1.45364195692898e-06	0.00124732505021451
mlip	1	-3.15487864305189	0.00160564878046879	0.0808117717946804
mov10	1	3.25338743122186	0.00114037898122318	0.0672952308581314
mplkip	1	-3.41289849397599	0.000642758782162292	0.0492961068458321
mrap2	1	-3.94933280360146	7.8369328669008e-05	0.0134492577558593
mrnip	1	-3.14440385157246	0.00166425590524043	0.0824558477502569
mrpl51	1	-3.3973510731886	0.000680416126162529	0.0508452699202053
mrps18c	1	3.88430967067165	0.000102621045013348	0.0160605162522777
msl1	1	3.1216204517371	0.0017985865431031	0.0855339150199442
mstn	1	3.06760023336446	0.00215785079364773	0.0932221513005729
msx1	1	3.68114362022154	0.000232190162869578	0.0277882174065917
mtch2	1	-3.07427344664886	0.00211015922962894	0.0926088223458318
mtm1	1	-3.08581271450903	0.00202996639742729	0.0908519493409725
mxra5	1	3.20338717075045	0.0013582124913312	0.0737942350093573
mypn	1	-3.03338953208359	0.00241823229658395	0.0981325926137691
myrf	1	3.22360499400326	0.00126587882871758	0.0709462359770458
nanos3	1	-4.21041895777483	2.54897550155614e-05	0.00690839690919134
ncmap	1	-5.326637077987	1.00047782530243e-07	0.00015559931378016
nenf	1	3.85049377056013	0.00011787992862833	0.0182194046210396
nexn	1	-3.76281282412717	0.000168012949815785	0.0224776034581505
nfx1	1	-3.5049357133168	0.000456717551566297	0.0408714426469252
nhsl2	1	3.33244003820622	0.000860880193064969	0.0566465791470627
nkx2-1	1	3.15055010277658	0.00162963302922329	0.0814292937734788
nkx2-8	1	4.1164545657175	3.84745131697367e-05	0.00852899930864129
nmd3	1	-4.1321488954944	3.59387482577461e-05	0.00852899930864129
nodal	1	3.05018486305138	0.002287005490584	0.0959693838578284
nop14	1	3.0264473481137	0.00247445911811007	0.0993476939430569
nsg2	1	3.98537005554588	6.73750409029236e-05	0.0125116456554355
nsmce2	1	3.40046646854221	0.000672709859570545	0.0505731484759923
nudt19	1	-3.88458201844233	0.000102506085037863	0.0160605162522777
nup50	1	-3.38920456669767	0.000700956964179123	0.0514531359782693
nup54	1	-3.7948815262148	0.000147713974216075	0.0206500816538923
oplah	1	-3.33183130652615	0.000862765371191801	0.0566465791470627
p2rx1	1	-3.21405385654265	0.00130875123142346	0.0718206353103506
parpbp	1	3.06789472587072	0.00215572546821481	0.0932221513005729
pc	1	3.3736055416308	0.000741905991439839	0.0527473962599685
pfdn5	1	-3.77185932017919	0.000162035608466661	0.0217951031409968
phf13	1	-3.37693873292406	0.000732973744963936	0.0524118352577086
pi4k2b	1	-3.44350511959927	0.000574225722010817	0.0462428248107352
pigg	1	-3.09324142741213	0.00197982999057112	0.0898079643788516
pih1d1	1	3.57311162063678	0.000352764299765216	0.0338926132639291
pkd1l1	1	3.12383215605795	0.00178512254481514	0.0852610161327832
plekhm1	1	3.22143797073658	0.00127549068984309	0.0713242928675405
podxl2	1	-3.34114667165763	0.000834331349509291	0.0560936133740383
polr3a	1	4.10689241839817	4.01017890657061e-05	0.00852899930864129
ppara	1	-9.42198575345134	4.42636306127818e-21	3.67152061389488e-17
ppargc1a	1	3.02488393921132	0.0024872855379571	0.0993476939430569
prickle1	1	-3.12782388628167	0.00176105668773476	0.0842733358030609
prkaa1	1	-3.08845734392465	0.00201198575037146	0.0905897502658688
prkch	1	-3.73278679618057	0.000189372881697324	0.0242904885987434
prox1b	1	3.16144400622538	0.00156988998045179	0.0799892648285762
prpf40a	1	3.19901039977556	0.00137900194261677	0.0737958803012381
psmb4	1	3.74540819955232	0.00018010069642002	0.0235875038406093
ptch2	1	3.02278467896193	0.00250460383331304	0.0998791054297465
ptges2	1	-3.60846662773187	0.000308012125824776	0.0314121874550152
ptn	1	-3.1327012803066	0.00173205622479637	0.0833665127617657
ptprg	1	-3.16575830171656	0.00154679260894355	0.0795294221244207
ralgapa2	1	3.13649660266601	0.00170979417753908	0.0830986685818019
ralgds	1	-3.6678173298807	0.000244629848954017	0.0280459789786121
rap2c	1	3.45087665306889	0.000558768879018292	0.0454392313251346
rasgrf2	1	3.51609902054091	0.000437937618850486	0.0399180941665769
rassf4	1	-3.41857377233403	0.000629502504998708	0.0492595607999618
rbm15b	1	-3.78619856793826	0.000152969453904168	0.0211471771719517
rint1	1	-4.33850137173579	1.43457589714664e-05	0.00546141546537496
riok1	1	3.47882769804023	0.000503612278579852	0.0432971351855171
rnf180	1	3.10902490219616	0.00187705897047107	0.087165004005239
rpp40	1	3.47882769804023	0.000503612278579852	0.0432971351855171
rps26	1	-3.14222590231755	0.00167668618235131	0.0824558477502569
rttn	1	3.461572144779	0.000537030161995879	0.0445448618370182
ryr3	1	-3.25468875991898	0.00113516695622027	0.0672952308581314
sar1a	1	3.29601705001217	0.000980660634320046	0.0610068980610501
sbf1	1	-3.15323607538382	0.00161471165809473	0.0808460460765178
scmh1	1	3.19139928468877	0.00141585464140994	0.0752823224291557
sdhaf4	1	3.68746617335697	0.000226498191289641	0.0276283381963306
sec31a	1	-3.89533004485299	9.80651047845644e-05	0.0158457926458383
sema3e	1	-3.24410633167402	0.00117819754522876	0.0681820179429595
setd7	1	-4.22172746725415	2.42437130039131e-05	0.00677843319538621
sgip1	1	-4.26676380975734	1.98328936707209e-05	0.0063272016166951
shc4	1	-5.05796369511273	4.2375708209552e-07	0.000554987959519206
six6	1	3.04597696338922	0.00231925603895482	0.096508975373498
slc20a2	1	-3.43819889923176	0.000585597391775513	0.046654772823416
slc35c2	1	-3.48226604128182	0.0004971894675005	0.0432589605219666
slc6a2	1	-3.66450009217346	0.000247822150689982	0.0280459789786121
slco5a1	1	3.21425326210877	0.00130784262396522	0.0718206353103506
snx19	1	-3.1581724013359	0.00158761637324457	0.0802972476256461
socs9	1	3.33337770688162	0.000857983803732747	0.0566314826845774
sorbs3	1	-5.93850381641181	2.87634958035712e-09	5.9645902464672e-06
spdl1	1	3.43832945856238	0.000585315094293323	0.046654772823416
spg7	1	-3.30492098089465	0.000950031808168889	0.0600704209789966
srek1ip1	1	4.8196265896577	1.43827167780801e-06	0.00124732505021451
ssu72	1	-3.26889174708474	0.00107969600836828	0.0650536452112259
steap4	1	-3.07638529682688	0.00209526901068663	0.0922808390476568
stk24	1	-3.95872273790863	7.53516491038665e-05	0.0134156516236602
stoml2	1	-3.27018574359561	0.00107476887033713	0.0649139528385174
stox1	1	3.10407013749907	0.00190878075668914	0.087796858316918
syce3	1	-4.27377922443679	1.92187339910836e-05	0.0063272016166951
tbc1d9b	1	-3.13119112846188	0.00174098814548984	0.0836346506030291
tbt-bp1	1	-4.34880809198256	1.36879423467605e-05	0.00540651995804425
tfpi2	1	-4.48930974015021	7.14543352060542e-06	0.00329272162456936
tiprl	1	3.33614519414407	0.00084948785038666	0.0565204697032664
tmem141	1	-3.14242898779572	0.00167552350577357	0.0824558477502569
tmem178b	1	4.15947990330228	3.18973083244962e-05	0.00799714763660059
top3b	1	-3.78020385865134	0.000156700003041081	0.0214248509652432
tpcn2	1	-3.49809215975242	0.000468599176698583	0.0414968751351158
traip	1	4.15776448451379	3.21377095185685e-05	0.00799714763660059
trnar-ccg	1	-3.06788901466626	0.00215576666719909	0.0932221513005729
trnas-aga	1	3.57715853812645	0.000347349520988653	0.0337634589073502
trnas-uga	1	3.79931616344383	0.000145095895019997	0.0206318071524434
trrap	1	-4.11288335613293	3.90747844575232e-05	0.00852899930864129
tshz3	1	3.19605541384949	0.00139320351692745	0.0743958719210789
tspan11	1	-3.14062259612639	0.00168589129991331	0.0827450081006762
ttbk1	1	-4.24698480081651	2.16666651780093e-05	0.00659059139837825
tti2	1	-4.2462907399514	2.17338574170478e-05	0.00659059139837825
ubash3b	1	-4.03898451888413	5.36831077625484e-05	0.0106019877266925
ubr1	1	3.64158803719242	0.000270961431634351	0.0295317533877248
unc13a	1	3.06949945424615	0.00214417797448941	0.0932221513005729
vbp1	1	3.04261035399267	0.0023453580409118	0.0969277805268432
vcam1	1	-3.17580517966455	0.00149421262491646	0.0782778672808867
vps51	1	-3.3981767039396	0.000678365886148069	0.0508447491292426
wdr33	1	-3.95325484407531	7.70952492438275e-05	0.0134156516236602
wdr37	1	4.65119158342014	3.3002255476006e-06	0.00212548757149004
wdr48	1	-3.11425067119075	0.00184412742883738	0.0865835225267725
xpa	1	-3.27803011732435	0.0010453424174124	0.0637556390070835
xrcc5	1	-4.45835860800473	8.2589647404898e-06	0.00370028932060528
yes1	1	-3.46772411867996	0.000524885849775899	0.0442754558841474
zbtb12	1	3.26315206500085	0.00110180383015769	0.0660657506256481
zdhhc17	1	-3.17203182549325	0.00151376416940777	0.0788044091873285
zfand1	1	4.68816310596663	2.75668270991697e-06	0.00190548034871038
zfhx3	1	3.48360008625254	0.000494718106412881	0.0431949661753618
zfyve28	1	-4.4278384104099	9.51821644771304e-06	0.00408364307042916
znf276	1	3.17209393072036	0.00151344047411001	0.0788044091873285
znf839	1	3.08247501153167	0.00205286965225204	0.0913839148955987
zswim5	1	-3.35971504503869	0.0007802290263534	0.0535128729854867
